137	450040	79	0	1	5310	Afghanistan		Column:
123	580080	0	0	2	4810	Albania		   	   1    Ranking of WTDB countries by
55	130120	1	1	3	7210	Algeria		   	        volume of trade w/ROW in 1980
0	0	0	152	4	9510	American.Samoa		   2    World Trade Data Base country code
0	0	0	0	5	4271	Andorra			   3    Penn World Tables v5 country code
108	160240	2	2	6	7620	Angola			   4    Penn World Tables v5.6 country code
0	0	0	0	0	2481	Anguilla		   5    World Bank codes
0	0	0	0	7	2484	Antigua.and.Barbuda´	   6 U.S. Census Bureau Codes
19	908960	0	0	0	0	AREAS.NES
35	330320	67	73	8	3570	Argentina
0	0	0	0	9	4631	Armenia			Notes:
0	0	0	0	10	2779	Aruba			  1) Be careful of the whole Belgium
174	488960	0	0	0	0	ASIA.CPE.NES		        Luxembourg thing
23	710360	131	145	11	6021	Australia		  2) A `0' indicates no country code in
20	550400	107	116	12	4330	Austria			        that dataset
0	0	0	0	13	4632	Azerbaijan
75	350440	48	51	14	2360	Bahamas
83	440480	80	85	15	5250	Bahrain
73	450500	81	86	16	5380	Bangladesh
119	350520	49	52	17	2720	Barbados
0	0	0	0	18	4622	Belarus
11	530560	108	117	19	4231	Belgium-Lux
139	360840	0	53	20	2080	Belize
118	162040	3	3	21	7610	Benin
103	220600	0	0	22	2320	Bermuda
167	450640	0	87	23	5682	Bhutan
89	330680	68	74	24	3350	Bolivia
0	0	0	0	25	4793	Bosnia.and.Herzegovina
0	0	4	4	26	7930	Botswana
29	330760	69	75	27	3510	Brazil
0	0	0	0	0	2482	British.Virgin.Islands
82	450960	0	0	28	5610	Brunei
170	160860	0	0	0	7810	British.Indian.Ocean.Territory
81	581000	0	118	29	4870	Bulgaria
145	168540	5	5	30	7600	Burkina.Faso
155	161080	6	6	31	7670	Burundi
110	451160	0	0	32	5550	Cambodia
111	141200	7	7	33	7420	Cameroon
7	211240	50	54	34	1220	Canada
0	0	8	8	35	7643	Cape.Verde
172	358960	0	0	0	0	CARIBBEAN.NES
122	351360	0	0	0	2440	Cayman.Islands
158	141400	9	9	36	7540	Central.African.Republic
157	141480	10	10	37	7560	Chad
0	0	0	0	38	0	Channel.Islands
48	331520	70	76	39	3370	Chile
8	481560	83	88	40	5700	China
0	0	0	0	0	6024	Christmas.Island
0	0	0	0	0	6023	Cocos.(Keeling).Island
50	331700	71	77	41	3010	Colombia
154	161740	11	11	42	7890	Comoros
121	141780	12	12	43	7630	Congo
0	0	0	0	0	7660	Congo.(Kinshasa)
0	0	0	0	0	6142	Cook.Islands
76	341880	51	55	44	2230	Costa.Rica
97	163840	20	21	45	7480	Cote.D'Ivour
0	0	0	0	46	4791	Croatia
92	351920	0	0	47	2390	Cuba
69	441960	109	119	48	4910	Cyprus
47	582000	0	120	49	4351	Czechoslovakia
30	532080	110	121	50	4099	Denmark
141	162620	0	13	51	7770	Djibouti
0	352120	52	56	52	2486	Dominica
64	352140	53	57	53	2470	Dominican.Republic
72	332180	72	78	54	3310	Ecuador
168	538960	0	0	0	0	EEC.NES
52	138180	13	14	55	7290	Egypt
88	342220	54	58	56	2110	El.Salvador
161	162260	0	0	57	7380	Eq.Guinea
0	0	0	0	58	7741	Eritrea
0	0	0	0	59	4470	Estonia
109	162300	14	15	60	7749	Ethiopia
175	588960	0	0	0	0	EUROPE.CPE.NES
0	0	0	0	61	4091	Faeroe.Islands
166	362380	0	0	0	3720	Falkland.Islands
134	722420	132	146	62	6863	Fiji
36	552460	111	122	63	4050	Finland
5	532500	112	123	64	4279	France
87	362540	0	0	65	3170	French.Guiana
0	0	0	0	66	6414	French.Polynesia
0	0	0	0	0	7905	Frnch.Southern-Antartic.lands
112	142660	15	16	67	7550	Gabon
142	162700	16	17	68	7500	Gambia
0	0	0	0	0	5082	Gaza.Strip.Admin.by.Israel
0	0	0	0	69	4633	Georgia
2	532800	113	125	70	4280	Germany
176	582780	0	124	70	0	Germany.East
95	162880	17	18	71	7490	Ghana
114	572920	0	0	72	4720	Gibraltar
39	533000	114	126	73	4840	Greece
136	223040	0	0	74	1010	Greenland
0	353080	55	59	75	2489	Grenada
71	353120	0	0	76	2831	Guadeloupe
0	0	0	0	77	9350	Guam
80	343200	56	60	78	2050	Guatemala
125	163240	18	19	79	7460	Guinea
147	166240	19	20	80	7642	Guinea.Bissau
132	363280	73	79	81	3120	Guyana
135	353320	57	61	82	2450	Haiti
0	0	0	0	0	6029	Heard.and.McDonald.Islands
90	343400	58	62	83	2150	Honduras
10	453440	84	89	84	5820	Hong.Kong
45	583480	115	127	85	4370	Hungary
98	553520	116	128	86	4000	Iceland
41	453560	85	90	87	5330	India
28	453600	86	91	88	5600	Indonesia
46	443640	87	92	89	5070	Iran
126	443680	88	93	90	5050	Iraq
33	533720	117	129	91	4190	Ireland
0	0	0	0	92	0	Isle.of.Man
34	413760	89	94	93	5081	Israel
6	533800	118	130	94	4759	Italy
84	353880	59	63	95	2410	Jamaica
3	413920	90	95	96	5880	Japan
66	444000	91	96	97	5110	Jordan
0	0	0	0	98	4634	Kazakhstan
100	164040	21	22	99	7790	Kenya
148	722960	0	0	100	6226	Kiribati
101	484080	0	0	101	5790	Korea.DPR.(N)
14	454100	92	97	102	5800	Korea.RP.(S)
59	444140	93	98	103	5130	Kuwait
0	0	0	0	104	4635	Kyrgyzstan
140	454180	0	99	105	5530	Laos
0	0	0	0	106	4490	Latvia
68	444220	0	0	107	5040	Lebanon
0	0	22	23	108	7990	Lesotho
60	164300	23	24	109	7650	Liberia
61	134340	0	0	110	7250	Libya
0	0	0	0	0	4411	Liechtenstein
0	0	0	0	111	4510	Lithuania
0	0	119	131	112	4239	Luxembourg
0	0	0	0	113	5660	Macao
0	0	0	0	114	4794	Macedonia.Former.Yugosla
130	164500	24	25	115	7880	Madagascar
133	164540	25	26	116	7970	Malawi
24	454580	94	100	117	5570	Malaysia
151	454620	0	0	118	5683	Maldive.Islands
138	164660	26	27	119	7450	Mali
78	574700	120	132	120	4730	Malta
0	0	0	0	121	6810	Marshall.Islands
0	0	0	0	122	2839	Martinique
128	164780	27	28	123	7410	Mauritania
104	164800	28	29	124	7850	Mauritius
0	0	0	0	125	0	Mayotte
16	334840	60	64	126	2010	Mexico
0	0	0	0	127	6820	Micronesia.Federated.Sta
171	448960	0	0	0	0	MIDDLE.EAST.NES
0	0	0	0	128	4641	Moldova
149	484960	0	101	129	4272	Mongolia
0	0	0	0	0	5740	Mongolia
0	0	0	0	0	2485	Montserrat
54	135040	29	30	130	7140	Morocco
113	165080	30	31	131	7870	Mozambique
102	451040	82	102	132	0	Myanmar
0	0	0	32	133	7920	Namibia
0	0	0	0	0	6862	Nauru
0	0	0	0	0	5460	Nepal
129	455240	95	103	134	5360	Nepal
9	535280	121	133	135	4210	Netherlands
67	355320	0	0	136	2771	Netherlands.Antilles
96	725400	0	0	137	6412	New.Caledonia
53	715540	133	147	138	6141	New.Zealand
127	345580	61	65	139	2190	Nicaragua
143	165620	31	33	140	7510	Niger
57	165660	32	34	141	7530	Nigeria
0	0	0	0	0	6144	Niue
0	0	0	0	0	6022	Norfolk.Island
0	0	0	0	142	9610	Northern.Mariana.Islands
173	138960	0	0	0	0	NORTH.AFRICA.NES
31	555780	122	134	143	4039	Norway
65	445120	96	104	144	5230	Oman
116	168960	0	0	0	0	OTHER.AFRICA.NES
163	578960	0	0	0	0	OTHER.EUR.NES
156	728960	0	0	0	0	OTHER.OCEANIA.NES
51	455860	97	105	145	5350	Pakistan
0	0	0	0	0	6830	Palau
49	365900	62	66	146	2250	Panama
115	725980	134	148	147	6040	Papua.New.Guinea
79	336000	74	80	148	3530	Paraguay
62	336040	75	81	149	3330	Peru
37	456080	98	106	150	5650	Phillipines
0	0	0	0	0	6225	Pitcairn.Island
42	586160	123	135	151	4550	Poland
32	536200	124	136	152	4710	Portugal
0	0	0	0	153	0	Puerto.Rico
94	446340	0	107	154	5180	Qatar
160	368960	0	0	0	0	REST.AMERICA.NES
85	166380	0	35	155	7904	Reunion.Islands
56	586420	0	137	156	4850	Romania
0	0	0	0	157	4621	Russian.Federation
152	166460	33	36	158	7690	Rwanda
0	0	0	0	162	4751	San.Marino
0	0	0	0	163	7644	Sao.Tome.and.Principe
26	446820	99	108	164	5170	Saudi.Arabia
105	166860	34	37	165	7440	Senegal
146	166900	35	38	166	7800	Seychelles
150	166940	36	39	167	7470	Sierra.Leone
12	457020	100	109	168	5590	Singapore
0	0	0	0	169	4359	Slovak.Republic
0	0	0	0	170	4792	Slovenia
159	720900	135	149	171	6223	Solomon.Islands
153	167060	37	40	172	7700	Somalia
40	117100	38	41	173	7910	South.Africa
13	537240	125	138	174	4700	Spain
77	451440	101	110	175	5420	Sri.Lanka
165	166540	0	0	0	7580	St.Helena
99	356580	0	68	159	2483	St.Kitts.and.Nevis
162	226660	0	0	0	1610	St.Pierre.and.Miquelon
0	356620	63	69	160	2487	St..Lucia
0	356700	64	70	161	2488	St..Vincent.and.the.Gren
117	137360	39	42	176	7320	Sudan
120	367400	76	82	177	3150	Suriname
0	0	0	0	0	4031	Svalbard,.Jan.Mayen.Island
0	0	40	43	178	7950	Swaziland
21	557520	126	139	179	4010	Sweden
18	557560	127	140	180	4419	Switzerland
70	447600	102	111	181	5020	Syrian.Arab.Republic
17	458960	103	112	0	5830	Taiwan
0	0	0	0	182	4642	Tajikistan
107	168340	41	44	183	7830	Tanzania
22	457640	104	113	184	5490	Thailand
131	167680	42	45	185	7520	Togo
0	0	0	0	0	6143	Tokelau.Islands
0	727760	136	150	186	6864	Tonga
91	357800	65	71	187	2740	Trinidad.And.Tobago
58	137880	43	46	188	7230	Tunisia
27	447920	128	141	189	4890	Turkey
0	0	0	0	190	4643	Turkmenistan
164	357960	0	0	0	2430	Turks.and.Caicos.Islands
0	0	0	0	0	6227	Tuvalu
144	168000	44	47	191	7780	Uganda
0	0	0	0	192	4623	Ukraine
38	447840	105	114	193	5200	United.Arab.Emirates
4	538260	129	142	194	4120	United.Kingdom
15	999999	0	0	0	0	UNKNOWN.PARTNER
74	338580	77	83	196	3550	Uruguay
0	0	0	0	0	9800	US.outlying.Islands
1	218400	66	72	195	0	USA
25	688100	0	143	0	0	USSR
0	0	0	0	197	4644	Uzbekistan
0	0	137	151	198	6224	Vanuatu
0	0	0	0	0	4752	Vatican.City
44	338620	78	84	199	3070	Venezuela
63	487040	0	0	200	5520	VIETNAM
0	0	0	0	201	9110	Virgin.Islands.(U.S.)
0	0	0	0	0	6413	Wallis.and.Futuna
0	0	0	0	0	5083	West.Bank.Admin.by.Israel
0	0	0	0	0	6150	Western.Samoa
169	137320	138	0	202	7370	Western.Sahara
86	448870	106	115	203	5210	Yemen
43	598900	130	144	204	4799	Yugoslavia
124	161800	45	48	205	0	Zaire
106	168940	46	49	206	7940	Zambia
93	167160	47	50	207	7960	Zimbabwe
